



5

Recurrence [1., 0., 0., 1., 0., 0., 1., 0., 1., 0., 0., 0., 0., 0., 0., 0., 0., 0., 0., 0., 0., 0., 1., 0.,
 0., 1., 0., 0., 1., 0., 0., 0., 0., 0., 0., 0., 0., 0., 0., 1., 0., 0., 0., 1., 1., 0., 0., 0.,
 1., 0.]
Proportion with recurrence: 0.22
recurrence_or_not [1., 0., 0., 1., 0., 0., 1., 0., 1., 0., 0., 0., 0., 0., 0., 0., 0., 0., 0., 0., 0., 0., 1., 0.,
 0., 1., 0., 0., 1., 0., 0., 0., 0., 0., 0., 0., 0., 0., 0., 1., 0., 0., 0., 1., 1., 0., 0., 0.,
 1., 0.]
p_recurrence [9.99175e-01, 0.00000e+00, 5.81800e-01, 9.39900e-01, 9.50000e-03, 0.00000e+00,
 1.87775e-01, 1.79375e-01, 6.75025e-01, 0.00000e+00, 8.99500e-02, 1.25000e-04,
 0.00000e+00, 0.00000e+00, 5.87750e-02, 0.00000e+00, 0.00000e+00, 1.00000e-04,
 0.00000e+00, 0.00000e+00, 1.12500e-03, 4.75000e-04, 1.00000e+00, 9.34475e-01,
 2.50000e-05, 8.79500e-01, 0.00000e+00, 0.00000e+00, 9.82225e-01, 0.00000e+00,
 8.20000e-02, 0.00000e+00, 1.67000e-02, 0.00000e+00, 2.50000e-05, 2.66025e-01,
 3.00000e-04, 0.00000e+00, 1.25000e-04, 9.94900e-01, 6.97500e-03, 0.00000e+00,
 0.00000e+00, 7.74250e-02, 5.17300e-01, 0.00000e+00, 0.00000e+00, 0.00000e+00,
 9.17650e-01, 0.00000e+00,]



4
 
 Recurrence [1., 0., 0., 1., 0., 0., 1., 0., 1., 0., 0., 0., 0., 0., 0., 0., 0., 0., 0., 0., 0., 0., 1., 0.,
 0., 1., 0., 0., 1., 0., 0., 0., 0., 0., 0., 0., 0., 0., 0., 1., 0., 0., 0., 0., 1., 0., 0., 0.,
 1., 0.]
Proportion with recurrence: 0.2
recurrence_or_not [1., 0., 0., 1., 0., 0., 1., 0., 1., 0., 0., 0., 0., 0., 0., 0., 0., 0., 0., 0., 0., 0., 1., 0.,
 0., 1., 0., 0., 1., 0., 0., 0., 0., 0., 0., 0., 0., 0., 0., 1., 0., 0., 0., 0., 1., 0., 0., 0.,
 1., 0.]
p_recurrence [9.99700e-01, 0.00000e+00, 6.19600e-01, 9.59500e-01, 5.37500e-03, 0.00000e+00,
 1.84250e-01, 1.59575e-01, 7.24525e-01, 0.00000e+00, 8.30750e-02, 5.00000e-05,
 0.00000e+00, 0.00000e+00, 5.20250e-02, 0.00000e+00, 0.00000e+00, 0.00000e+00,
 0.00000e+00, 0.00000e+00, 4.00000e-04, 2.50000e-05, 1.00000e+00, 9.58650e-01,
 0.00000e+00, 9.15225e-01, 0.00000e+00, 0.00000e+00, 9.92675e-01, 0.00000e+00,
 7.89250e-02, 0.00000e+00, 8.57500e-03, 0.00000e+00, 0.00000e+00, 2.69350e-01,
 1.00000e-04, 0.00000e+00, 5.00000e-05, 9.97825e-01, 2.25000e-03, 0.00000e+00,
 0.00000e+00, 6.46500e-02, 5.55475e-01, 0.00000e+00, 0.00000e+00, 0.00000e+00,
 9.37575e-01, 0.00000e+00,]


3 

Recurrence [1., 0., 0., 1., 0., 0., 0., 0., 1., 0., 0., 0., 0., 0., 0., 0., 0., 0., 0., 0., 0., 0., 1., 0.,
 0., 1., 0., 0., 1., 0., 0., 0., 0., 0., 0., 0., 0., 0., 0., 1., 0., 0., 0., 0., 1., 0., 0., 0.,
 1., 0.]
Proportion with recurrence: 0.18
recurrence_or_not [1., 0., 0., 1., 0., 0., 0., 0., 1., 0., 0., 0., 0., 0., 0., 0., 0., 0., 0., 0., 0., 0., 1., 0.,
 0., 1., 0., 0., 1., 0., 0., 0., 0., 0., 0., 0., 0., 0., 0., 1., 0., 0., 0., 0., 1., 0., 0., 0.,
 1., 0.]
p_recurrence [9.99750e-01, 0.00000e+00, 6.52225e-01, 9.66275e-01, 7.00000e-03, 0.00000e+00,
 1.91450e-01, 1.79550e-01, 7.28450e-01, 0.00000e+00, 7.64750e-02, 2.50000e-05,
 0.00000e+00, 0.00000e+00, 4.55750e-02, 0.00000e+00, 0.00000e+00, 0.00000e+00,
 0.00000e+00, 0.00000e+00, 4.00000e-04, 2.50000e-05, 1.00000e+00, 9.63475e-01,
 0.00000e+00, 9.21650e-01, 0.00000e+00, 0.00000e+00, 9.95000e-01, 0.00000e+00,
 7.29000e-02, 0.00000e+00, 8.00000e-03, 0.00000e+00, 0.00000e+00, 2.56025e-01,
 1.25000e-04, 0.00000e+00, 1.00000e-04, 9.98675e-01, 3.55000e-03, 0.00000e+00,
 0.00000e+00, 7.01000e-02, 6.09500e-01, 0.00000e+00, 0.00000e+00, 0.00000e+00,
 9.43975e-01, 0.00000e+00,]


2

Recurrence [1., 0., 0., 1., 0., 0., 1., 0., 1., 0., 0., 0., 0., 0., 0., 0., 0., 0., 0., 0., 0., 0., 1., 0.,
 0., 1., 0., 0., 1., 0., 0., 0., 0., 0., 0., 0., 0., 0., 0., 1., 0., 0., 0., 1., 1., 0., 0., 0.,
 1., 0.]
Proportion with recurrence: 0.22
recurrence_or_not [1., 0., 0., 1., 0., 0., 1., 0., 1., 0., 0., 0., 0., 0., 0., 0., 0., 0., 0., 0., 0., 0., 1., 0.,
 0., 1., 0., 0., 1., 0., 0., 0., 0., 0., 0., 0., 0., 0., 0., 1., 0., 0., 0., 1., 1., 0., 0., 0.,
 1., 0.]
p_recurrence [1.00000e+00, 0.00000e+00, 5.81725e-01, 9.89125e-01, 1.35000e-03, 0.00000e+00,
 1.12675e-01, 1.16075e-01, 7.28225e-01, 0.00000e+00, 2.96000e-02, 2.50000e-05,
 0.00000e+00, 0.00000e+00, 2.08000e-02, 0.00000e+00, 0.00000e+00, 0.00000e+00,
 0.00000e+00, 0.00000e+00, 7.50000e-05, 2.50000e-05, 1.00000e+00, 9.74750e-01,
 0.00000e+00, 9.46425e-01, 0.00000e+00, 0.00000e+00, 9.97725e-01, 0.00000e+00,
 2.30500e-02, 0.00000e+00, 3.47500e-03, 0.00000e+00, 0.00000e+00, 1.92150e-01,
 0.00000e+00, 0.00000e+00, 0.00000e+00, 9.99825e-01, 1.42500e-03, 0.00000e+00,
 0.00000e+00, 3.19000e-02, 5.33925e-01, 0.00000e+00, 0.00000e+00, 0.00000e+00,
 9.78950e-01, 0.00000e+00,]


1 

Recurrence [1., 0., 0., 1., 0., 0., 1., 0., 1., 0., 0., 0., 0., 0., 0., 0., 0., 0., 0., 0., 0., 0., 1., 0.,
 0., 1., 0., 0., 1., 0., 0., 0., 0., 0., 0., 0., 0., 0., 0., 1., 0., 0., 0., 0., 1., 0., 0., 0.,
 1., 0.]
Proportion with recurrence: 0.2
recurrence_or_not [1., 0., 0., 1., 0., 0., 1., 0., 1., 0., 0., 0., 0., 0., 0., 0., 0., 0., 0., 0., 0., 0., 1., 0.,
 0., 1., 0., 0., 1., 0., 0., 0., 0., 0., 0., 0., 0., 0., 0., 1., 0., 0., 0., 0., 1., 0., 0., 0.,
 1., 0.]
p_recurrence [1.00000e+00, 0.00000e+00, 6.28575e-01, 9.96000e-01, 4.50000e-04, 0.00000e+00,
 1.01475e-01, 9.34500e-02, 7.89375e-01, 0.00000e+00, 2.32000e-02, 0.00000e+00,
 0.00000e+00, 0.00000e+00, 1.48000e-02, 0.00000e+00, 0.00000e+00, 0.00000e+00,
 0.00000e+00, 0.00000e+00, 0.00000e+00, 0.00000e+00, 1.00000e+00, 9.88100e-01,
 0.00000e+00, 9.74425e-01, 0.00000e+00, 0.00000e+00, 9.99425e-01, 0.00000e+00,
 1.77250e-02, 0.00000e+00, 1.60000e-03, 0.00000e+00, 0.00000e+00, 2.04900e-01,
 0.00000e+00, 0.00000e+00, 0.00000e+00, 9.99950e-01, 3.00000e-04, 0.00000e+00,
 0.00000e+00, 2.22750e-02, 5.74200e-01, 0.00000e+00, 0.00000e+00, 0.00000e+00,
 9.89875e-01, 0.00000e+00,]


0

Recurrence [1., 0., 0., 1., 0., 0., 0., 0., 1., 0., 0., 0., 0., 0., 0., 0., 0., 0., 0., 0., 0., 0., 1., 0.,
 0., 1., 0., 0., 1., 0., 0., 0., 0., 0., 0., 0., 0., 0., 0., 1., 0., 0., 0., 0., 1., 0., 0., 0.,
 1., 0.]
Proportion with recurrence: 0.18
recurrence_or_not [1., 0., 0., 1., 0., 0., 0., 0., 1., 0., 0., 0., 0., 0., 0., 0., 0., 0., 0., 0., 0., 0., 1., 0.,
 0., 1., 0., 0., 1., 0., 0., 0., 0., 0., 0., 0., 0., 0., 0., 1., 0., 0., 0., 0., 1., 0., 0., 0.,
 1., 0.]
p_recurrence [1.00000e+00, 0.00000e+00, 7.00900e-01, 9.92800e-01, 5.00000e-04, 0.00000e+00,
 8.87750e-02, 1.08375e-01, 8.12125e-01, 0.00000e+00, 3.29500e-02, 0.00000e+00,
 0.00000e+00, 0.00000e+00, 2.14500e-02, 0.00000e+00, 0.00000e+00, 0.00000e+00,
 0.00000e+00, 0.00000e+00, 0.00000e+00, 0.00000e+00, 1.00000e+00, 9.92275e-01,
 0.00000e+00, 9.81775e-01, 0.00000e+00, 0.00000e+00, 9.99600e-01, 0.00000e+00,
 2.54500e-02, 0.00000e+00, 1.20000e-03, 0.00000e+00, 0.00000e+00, 2.55350e-01,
 0.00000e+00, 0.00000e+00, 0.00000e+00, 9.99925e-01, 2.50000e-04, 0.00000e+00,
 0.00000e+00, 2.75000e-02, 5.86725e-01, 0.00000e+00, 0.00000e+00, 0.00000e+00,
 9.89675e-01, 0.00000e+00,]
