threshold 400.0

BNN: 

0

Recurrence [1. 0. 0. 1. 0. 0. 0. 0. 1. 0. 0. 0. 0. 0. 0. 0. 0. 0. 0. 0. 0. 0. 1. 0.
 0. 1. 0. 0. 1. 0. 0. 0. 0. 0. 0. 0. 0. 0. 0. 1. 0. 0. 0. 0. 1. 0. 0. 0.
 1. 0.]
Proportion with recurrence: 0.18
recurrence_or_not [1. 0. 0. 1. 0. 0. 0. 0. 1. 0. 0. 0. 0. 0. 0. 0. 0. 0. 0. 0. 0. 0. 1. 0.
 0. 1. 0. 0. 1. 0. 0. 0. 0. 0. 0. 0. 0. 0. 0. 1. 0. 0. 0. 0. 1. 0. 0. 0.
 1. 0.]
p_recurrence [1.00000e+00 0.00000e+00 5.19250e-02 1.00000e+00 5.00000e-05 0.00000e+00
 4.05575e-01 2.00000e-04 7.45575e-01 0.00000e+00 2.47500e-03 0.00000e+00
 0.00000e+00 0.00000e+00 0.00000e+00 0.00000e+00 0.00000e+00 0.00000e+00
 0.00000e+00 0.00000e+00 0.00000e+00 0.00000e+00 1.00000e+00 9.59275e-01
 0.00000e+00 9.74175e-01 0.00000e+00 0.00000e+00 9.99825e-01 0.00000e+00
 6.75000e-04 0.00000e+00 2.50000e-05 0.00000e+00 0.00000e+00 6.13250e-02
 0.00000e+00 0.00000e+00 0.00000e+00 1.00000e+00 0.00000e+00 0.00000e+00
 0.00000e+00 1.50000e-04 9.42375e-01 0.00000e+00 0.00000e+00 0.00000e+00
 1.00000e+00 0.00000e+00]

1


Recurrence [1. 0. 0. 1. 0. 0. 1. 0. 1. 0. 0. 0. 0. 0. 0. 0. 0. 0. 0. 0. 0. 0. 1. 0.
 0. 1. 0. 0. 1. 0. 0. 0. 0. 0. 0. 0. 0. 0. 0. 1. 0. 0. 0. 0. 1. 0. 0. 0.
 1. 0.]
Proportion with recurrence: 0.2
recurrence_or_not [1. 0. 0. 1. 0. 0. 1. 0. 1. 0. 0. 0. 0. 0. 0. 0. 0. 0. 0. 0. 0. 0. 1. 0.
 0. 1. 0. 0. 1. 0. 0. 0. 0. 0. 0. 0. 0. 0. 0. 1. 0. 0. 0. 0. 1. 0. 0. 0.
 1. 0.]
p_recurrence [1.00000e+00 0.00000e+00 1.77750e-02 1.00000e+00 0.00000e+00 0.00000e+00
 2.96350e-01 2.50000e-05 6.81375e-01 0.00000e+00 2.25000e-04 0.00000e+00
 0.00000e+00 0.00000e+00 0.00000e+00 0.00000e+00 0.00000e+00 0.00000e+00
 0.00000e+00 0.00000e+00 0.00000e+00 0.00000e+00 1.00000e+00 9.39000e-01
 0.00000e+00 9.65450e-01 0.00000e+00 0.00000e+00 9.99925e-01 0.00000e+00
 5.00000e-05 0.00000e+00 2.50000e-05 0.00000e+00 0.00000e+00 2.48000e-02
 0.00000e+00 0.00000e+00 0.00000e+00 1.00000e+00 0.00000e+00 0.00000e+00
 0.00000e+00 0.00000e+00 9.55525e-01 0.00000e+00 0.00000e+00 0.00000e+00
 1.00000e+00 0.00000e+00] 

2

Recurrence [1. 0. 0. 1. 0. 0. 1. 0. 1. 0. 0. 0. 0. 0. 0. 0. 0. 0. 0. 0. 0. 0. 1. 0.
 0. 1. 0. 0. 1. 0. 0. 0. 0. 0. 0. 0. 0. 0. 0. 1. 0. 0. 0. 1. 1. 0. 0. 0.
 1. 0.]
Proportion with recurrence: 0.22
recurrence_or_not [1. 0. 0. 1. 0. 0. 1. 0. 1. 0. 0. 0. 0. 0. 0. 0. 0. 0. 0. 0. 0. 0. 1. 0.
 0. 1. 0. 0. 1. 0. 0. 0. 0. 0. 0. 0. 0. 0. 0. 1. 0. 0. 0. 1. 1. 0. 0. 0.
 1. 0.]
p_recurrence [1.00000e+00 0.00000e+00 3.31500e-02 1.00000e+00 2.75000e-04 0.00000e+00
 2.98825e-01 8.25000e-04 5.79400e-01 0.00000e+00 2.82500e-03 0.00000e+00
 0.00000e+00 0.00000e+00 0.00000e+00 0.00000e+00 0.00000e+00 0.00000e+00
 0.00000e+00 0.00000e+00 0.00000e+00 0.00000e+00 1.00000e+00 8.51800e-01
 0.00000e+00 8.87375e-01 0.00000e+00 0.00000e+00 9.98425e-01 0.00000e+00
 1.20000e-03 0.00000e+00 6.75000e-04 0.00000e+00 0.00000e+00 5.97250e-02
 0.00000e+00 0.00000e+00 0.00000e+00 1.00000e+00 2.50000e-05 0.00000e+00
 0.00000e+00 1.32500e-03 8.75850e-01 0.00000e+00 0.00000e+00 0.00000e+00
 9.99875e-01 0.00000e+00]

3

Recurrence [1. 0. 0. 1. 0. 0. 0. 0. 1. 0. 0. 0. 0. 0. 0. 0. 0. 0. 0. 0. 0. 0. 1. 0.
 0. 1. 0. 0. 1. 0. 0. 0. 0. 0. 0. 0. 0. 0. 0. 1. 0. 0. 0. 0. 1. 0. 0. 0.
 1. 0.]
Proportion with recurrence: 0.18
recurrence_or_not [1. 0. 0. 1. 0. 0. 0. 0. 1. 0. 0. 0. 0. 0. 0. 0. 0. 0. 0. 0. 0. 0. 1. 0.
 0. 1. 0. 0. 1. 0. 0. 0. 0. 0. 0. 0. 0. 0. 0. 1. 0. 0. 0. 0. 1. 0. 0. 0.
 1. 0.]
p_recurrence [9.99875e-01 0.00000e+00 2.30250e-01 9.99225e-01 1.36500e-02 0.00000e+00
 4.30125e-01 2.60750e-02 6.46450e-01 0.00000e+00 7.52250e-02 0.00000e+00
 0.00000e+00 0.00000e+00 4.75000e-03 0.00000e+00 0.00000e+00 0.00000e+00
 0.00000e+00 0.00000e+00 0.00000e+00 0.00000e+00 1.00000e+00 8.53925e-01
 0.00000e+00 8.64100e-01 0.00000e+00 0.00000e+00 9.83975e-01 0.00000e+00
 4.88250e-02 0.00000e+00 4.55000e-03 0.00000e+00 0.00000e+00 2.28150e-01
 2.00000e-04 0.00000e+00 0.00000e+00 9.99925e-01 1.00000e-04 0.00000e+00
 0.00000e+00 2.06250e-02 7.88850e-01 0.00000e+00 0.00000e+00 0.00000e+00
 9.83175e-01 0.00000e+00]


4

Recurrence [1. 0. 0. 1. 0. 0. 1. 0. 1. 0. 0. 0. 0. 0. 0. 0. 0. 0. 0. 0. 0. 0. 1. 0.
 0. 1. 0. 0. 1. 0. 0. 0. 0. 0. 0. 0. 0. 0. 0. 1. 0. 0. 0. 0. 1. 0. 0. 0.
 1. 0.]
Proportion with recurrence: 0.2
recurrence_or_not [1. 0. 0. 1. 0. 0. 1. 0. 1. 0. 0. 0. 0. 0. 0. 0. 0. 0. 0. 0. 0. 0. 1. 0.
 0. 1. 0. 0. 1. 0. 0. 0. 0. 0. 0. 0. 0. 0. 0. 1. 0. 0. 0. 0. 1. 0. 0. 0.
 1. 0.]
p_recurrence [9.99650e-01 0.00000e+00 1.89525e-01 9.98775e-01 1.33500e-02 0.00000e+00
 3.88825e-01 2.35000e-02 5.92750e-01 0.00000e+00 5.76000e-02 0.00000e+00
 0.00000e+00 0.00000e+00 3.47500e-03 0.00000e+00 0.00000e+00 0.00000e+00
 0.00000e+00 0.00000e+00 7.50000e-05 0.00000e+00 1.00000e+00 8.00275e-01
 0.00000e+00 8.17250e-01 0.00000e+00 0.00000e+00 9.73450e-01 0.00000e+00
 3.60750e-02 0.00000e+00 5.22500e-03 0.00000e+00 0.00000e+00 1.95325e-01
 1.50000e-04 0.00000e+00 0.00000e+00 9.99650e-01 9.25000e-04 0.00000e+00
 0.00000e+00 1.84750e-02 7.66100e-01 0.00000e+00 0.00000e+00 0.00000e+00
 9.77350e-01 0.00000e+00]


5 

Recurrence [1. 0. 0. 1. 0. 0. 1. 0. 1. 0. 0. 0. 0. 0. 0. 0. 0. 0. 0. 0. 0. 0. 1. 0.
 0. 1. 0. 0. 1. 0. 0. 0. 0. 0. 0. 0. 0. 0. 0. 1. 0. 0. 0. 1. 1. 0. 0. 0.
 1. 0.]
Proportion with recurrence: 0.22
^[[B^[[B^[[B^[[B^[[B^[[B^[[B^[[B^[[B^[[B^[[B^[[B^[[B^[[B^[[B^[[B^[[B^[[B^[[B^[[B^[[B^[[B^[[B^[[B^[[B^[[B^[[B^[[B^[[B^[[B^[[B^[[B^[[B^[[B^[[B^[[Brecurrence_or_not [1. 0. 0. 1. 0. 0. 1. 0. 1. 0. 0. 0. 0. 0. 0. 0. 0. 0. 0. 0. 0. 0. 1. 0.
 0. 1. 0. 0. 1. 0. 0. 0. 0. 0. 0. 0. 0. 0. 0. 1. 0. 0. 0. 1. 1. 0. 0. 0.
 1. 0.]
p_recurrence [9.99600e-01 0.00000e+00 1.96975e-01 9.97275e-01 2.17500e-02 0.00000e+00
 3.97275e-01 2.98500e-02 6.12750e-01 0.00000e+00 3.67500e-02 0.00000e+00
 0.00000e+00 0.00000e+00 5.95000e-03 0.00000e+00 0.00000e+00 5.00000e-05
 0.00000e+00 0.00000e+00 2.00000e-04 0.00000e+00 1.00000e+00 7.83650e-01
 0.00000e+00 7.90425e-01 0.00000e+00 0.00000e+00 9.58925e-01 0.00000e+00
 2.50000e-02 0.00000e+00 1.67000e-02 0.00000e+00 0.00000e+00 1.40300e-01
 2.00000e-04 0.00000e+00 2.50000e-05 9.99200e-01 6.75000e-04 0.00000e+00
 0.00000e+00 3.85750e-02 7.53050e-01 0.00000e+00 0.00000e+00 0.00000e+00
 9.70200e-01 0.00000e+00]
