Average true_rho_s: -0.005654351293013436
Average true_rho_r: 0.001130870258602687
Average true_pi_r: 0.40423899294787885
Average true_psi: 50.21159800401674
700 samples: 
rho_s: -0.007882144127622375
rho_r: 0.003922422589226484
pi_r: 0.4830971516290581
psi: 1.8022864712728548
pi_r: 0.4830971516290581
rho_s, axis=1: [-0.00415618 -0.00785593 -0.0075844  -0.00585451 -0.01189295 -0.00578364
 -0.00565886 -0.00128833 -0.00880282 -0.00275277 -0.00046601 -0.0123384
 -0.00831218 -0.01164241 -0.0099465  -0.01359949 -0.0096359  -0.00599778
 -0.01148643 -0.00515156 -0.00431638 -0.01073644 -0.00872074 -0.00304181
 -0.00757881 -0.00719857 -0.00531193 -0.01236986 -0.0054734  -0.00152634
 -0.00679525 -0.01053744 -0.00626642 -0.00994108 -0.00989181 -0.00850066
 -0.01126408 -0.00692121 -0.00936058 -0.00565637 -0.00564895 -0.01386713
 -0.00354552 -0.00834098 -0.0113514  -0.00133983 -0.00567162 -0.00970606
 -0.01245929 -0.00496192 -0.00933923 -0.00694833 -0.0047703  -0.01075287
 -0.00740859 -0.00654175 -0.00012122 -0.00467139 -0.00599128 -0.01216388
 -0.00082957 -0.00787029 -0.00700403 -0.01081657 -0.00287564 -0.01094922
 -0.01290376 -0.0088454  -0.00499441 -0.0115149  -0.01193914 -0.0042405
 -0.00813807 -0.01278437 -0.00960125 -0.00803591 -0.0136625  -0.00620308
 -0.00644102 -0.00826597 -0.01045789 -0.00661205 -0.00865978 -0.00811389
 -0.0054964  -0.01474248 -0.0042825  -0.00792449 -0.00855369 -0.00710998
 -0.00994939 -0.00936092 -0.00749074 -0.01285234 -0.00863313 -0.01122077
 -0.0041625  -0.00628336 -0.00612012 -0.00708325 -0.00876522 -0.01056624
 -0.01065144 -0.00486337 -0.00438773 -0.00411656 -0.00195435 -0.00733706
 -0.00937315 -0.01263634 -0.00339969 -0.00798504 -0.00482123 -0.00772735
 -0.01110958 -0.00718224 -0.00579739 -0.00415969 -0.00915262 -0.00219886
 -0.01403279 -0.00915163 -0.00414184 -0.00768619 -0.00529327 -0.00805015
 -0.00874499 -0.00490315 -0.00837086 -0.00923427 -0.00848292 -0.01056672
 -0.01195156 -0.00851851 -0.01266764 -0.00915549 -0.00867748 -0.01017251
 -0.00609081 -0.00904989 -0.01005088 -0.0093543  -0.00279998 -0.01069223
 -0.00902473 -0.00576159 -0.01388227 -0.01206425 -0.00840267 -0.00644013
 -0.00789327 -0.0047289  -0.01395182 -0.00612914 -0.00877649 -0.01044364
 -0.00713961 -0.00836633 -0.01263607 -0.00875948 -0.0060328  -0.00582568
 -0.0041029  -0.01165195 -0.00727526 -0.00437456 -0.00799466 -0.00774351
 -0.01497038 -0.00827822 -0.01217714 -0.00854599 -0.00232599 -0.00770536
 -0.0116398  -0.00472094 -0.01090401 -0.01225391 -0.00654702 -0.00836858
 -0.00740327 -0.00195044 -0.00977063 -0.00639661 -0.00869909 -0.00794483
 -0.00719395 -0.00343297 -0.00482409 -0.01288293 -0.00882887 -0.00762072
 -0.0054313  -0.00326571 -0.00870701 -0.00590949 -0.01064742 -0.00791539
 -0.0111428  -0.00930126 -0.0076391  -0.00721584 -0.01092576 -0.00556718
 -0.00892044 -0.00632179 -0.00160744 -0.00893697 -0.0018615  -0.00786474
 -0.01237233 -0.01163253 -0.01114126 -0.00419796 -0.002112   -0.00755732
 -0.00853047 -0.00789309 -0.00833532 -0.00887953 -0.0009123  -0.00035367
 -0.00899204 -0.01284206 -0.00928289 -0.00774855 -0.00689423 -0.00864499
 -0.00929714 -0.00561313 -0.00743537 -0.00576044 -0.00404697 -0.01005969
 -0.00728511 -0.00866033 -0.01035973 -0.00580503 -0.00728725 -0.00934702
 -0.01052328 -0.01323234 -0.00544725 -0.00722003 -0.00903725 -0.00829315
 -0.00988321 -0.00770798 -0.00581669 -0.00344282 -0.00774018 -0.00949055
 -0.00950192 -0.00698536 -0.01174636 -0.00690895 -0.00952517 -0.00863002
 -0.00657799 -0.00971963 -0.0107739  -0.00740191 -0.01026544 -0.0081981
 -0.00963461 -0.00788665 -0.01230842 -0.01325547 -0.00047674 -0.00368627
 -0.0059567  -0.00732009 -0.0034131  -0.01141058 -0.00859892 -0.01077281
 -0.00498049 -0.00974373 -0.00703461 -0.00950818 -0.01093086 -0.00696531
 -0.01064043 -0.00689766 -0.00256935 -0.00237484 -0.00706418 -0.00590377
 -0.01635437 -0.01110136 -0.01071246 -0.01182497 -0.00430988 -0.00710738
 -0.00518541 -0.00949436 -0.00582877 -0.00354824 -0.01087303 -0.00538326]
rho_r, axis=1: [0.00581131 0.0031476  0.00703937 0.00366955 0.0035063  0.003401
 0.00348042 0.00328731 0.00444048 0.00340875 0.00356129 0.00580524
 0.00313071 0.00290192 0.00269807 0.00206397 0.00361883 0.00319174
 0.00382491 0.00191327 0.00379949 0.00347423 0.00571568 0.00407483
 0.00570362 0.00580425 0.00255835 0.00472322 0.00485612 0.00292619
 0.00527108 0.00436391 0.00479261 0.00222944 0.00521934 0.00350942
 0.00215137 0.00582133 0.00395646 0.00391082 0.00355139 0.00590507
 0.00395681 0.00222801 0.0033994  0.00434734 0.00244212 0.0044453
 0.0060675  0.00281498 0.00108756 0.0031769  0.00206899 0.00222056
 0.00314625 0.00497535 0.00443629 0.00365652 0.00527359 0.00340462
 0.00417234 0.00450539 0.0035355  0.00512175 0.00308433 0.0033016
 0.00326276 0.00477864 0.00208463 0.00506832 0.00379697 0.00550563
 0.00472523 0.00328801 0.00243744 0.00537935 0.00405201 0.00548925
 0.00316357 0.00516049 0.00252291 0.0048374  0.00120102 0.00443462
 0.00629337 0.0040501  0.00165699 0.00576009 0.00497008 0.00379886
 0.00411473 0.00383679 0.00428976 0.00170038 0.00240892 0.00415048
 0.00455337 0.00403073 0.00335361 0.00351351 0.00362133 0.00311984
 0.00381685 0.00346737 0.00365339 0.00427608 0.00299705 0.00487655
 0.00155265 0.00238122 0.00318242 0.00410058 0.00449734 0.00461535
 0.00445064 0.00355727 0.00317881 0.0052595  0.00572388 0.00419033
 0.00524561 0.00596415 0.0042207  0.00366369 0.0021821  0.0026694
 0.00288575 0.00532833 0.00438461 0.00492747 0.0047652  0.00360656
 0.00509772 0.00405101 0.00438674 0.00447962 0.00568732 0.00346355
 0.00341971 0.00484291 0.0018737  0.00492065 0.0012244  0.00475065
 0.00445207 0.00443445 0.00146532 0.00489741 0.00427614 0.00604905
 0.00445157 0.00469852 0.00426868 0.00461145 0.00436832 0.00366602
 0.00452088 0.00571053 0.00485861 0.00455799 0.00359904 0.0030089
 0.00067372 0.00427482 0.00509485 0.00552302 0.00370576 0.00284828
 0.0037162  0.00504915 0.00185175 0.00445558 0.00356421 0.00217325
 0.0026129  0.00362495 0.00263905 0.00623383 0.00441724 0.0048494
 0.00434643 0.00232008 0.00128211 0.00390523 0.0055902  0.00298143
 0.00405269 0.00466706 0.00359066 0.00258542 0.00606574 0.00567078
 0.00470572 0.0048726  0.0050805  0.00432239 0.00512698 0.00351711
 0.00280296 0.00371055 0.00158613 0.00333212 0.0037777  0.00173243
 0.00360367 0.00371266 0.00468045 0.00374616 0.00456718 0.00387694
 0.00312315 0.00472063 0.00326542 0.00500594 0.00331236 0.00383966
 0.00312229 0.00366249 0.00304672 0.00364539 0.00462082 0.0051144
 0.00245009 0.00460519 0.00570914 0.00670615 0.00197327 0.00426545
 0.00312991 0.00405777 0.00371361 0.00516539 0.00264387 0.00384361
 0.00660463 0.00507265 0.00477675 0.00371424 0.00507812 0.0046262
 0.00478096 0.00307307 0.00386187 0.00227124 0.00301291 0.0026553
 0.00153345 0.00388171 0.00430998 0.00281049 0.00421891 0.00284897
 0.00503178 0.00647175 0.00481726 0.00312028 0.00383451 0.00535645
 0.0055261  0.00386465 0.00329547 0.00343232 0.00449729 0.0037629
 0.00225946 0.00495329 0.00542204 0.00290288 0.00256829 0.00299738
 0.00336145 0.00191685 0.00331658 0.00454519 0.00296119 0.0014682
 0.0049439  0.00214435 0.00333228 0.00263902 0.00323417 0.00710049
 0.00348203 0.00348643 0.0040219  0.00527801 0.00548266 0.00266007
 0.005261   0.00246902 0.00340021 0.00446446 0.0041817  0.00226142
 0.00509087 0.00295078 0.00456715 0.00404083 0.00447735 0.00586471]
pi_r, axis=1: [0.52330602 0.30508876 0.28580004 0.52528075 0.56755303 0.40523845
 0.55082095 0.61376217 0.35812823 0.71164911 0.38650677 0.40819979
 0.30438222 0.53921273 0.57031918 0.3157295  0.37353749 0.69621136
 0.40742336 0.43549493 0.62046428 0.37292491 0.45712375 0.36252429
 0.35928969 0.48654909 0.50834326 0.55645697 0.72582726 0.42897513
 0.50046339 0.35381014 0.40972126 0.54847882 0.59505416 0.48684972
 0.54142943 0.27967404 0.46489391 0.46856426 0.51191755 0.33534931
 0.502063   0.59190886 0.4756219  0.4697335  0.7170332  0.34698613
 0.4304177  0.58086811 0.57800553 0.67121722 0.76746614 0.68887575
 0.5130617  0.28437766 0.45156628 0.70973549 0.41809438 0.31261247
 0.5142708  0.52506049 0.3130677  0.5445984  0.28618457 0.77048846
 0.33514728 0.54225173 0.35639142 0.52455185 0.58780479 0.55117671
 0.62354876 0.35689695 0.51992833 0.41923791 0.50873081 0.47414718
 0.50626787 0.68811132 0.5756771  0.47287002 0.44619193 0.45615331
 0.29698543 0.30633315 0.67352227 0.26865571 0.35628542 0.47037994
 0.56528123 0.5990587  0.47264717 0.48816589 0.41750576 0.68083386
 0.42754588 0.43000748 0.59218203 0.47217903 0.52005473 0.32817957
 0.47462186 0.54662426 0.50946367 0.41857356 0.50476037 0.43298648
 0.28573373 0.62220497 0.43581485 0.3173373  0.58560338 0.36762558
 0.46617439 0.46041975 0.48185699 0.47134848 0.28171975 0.4903941
 0.50640946 0.49412696 0.50594108 0.59262857 0.37558041 0.3483334
 0.39353594 0.6392084  0.19742806 0.66493685 0.46322438 0.29784072
 0.39146251 0.5373195  0.32345474 0.60350769 0.5717906  0.66062792
 0.41249649 0.45551914 0.33990202 0.56571204 0.34147233 0.76894027
 0.51465162 0.57896028 0.4612918  0.68564964 0.50582563 0.50720402
 0.54426387 0.23334359 0.4245807  0.404744   0.52509422 0.47549702
 0.46619212 0.42262952 0.33526702 0.32629356 0.60828843 0.52114507
 0.49821234 0.55004615 0.28019094 0.53209981 0.65452165 0.57948042
 0.62150803 0.55240876 0.41655686 0.67977559 0.34394519 0.26484329
 0.3829877  0.4779933  0.61891959 0.31607151 0.46545568 0.5503798
 0.6356407  0.48733032 0.56814828 0.53850375 0.3805849  0.69131759
 0.49275334 0.5819778  0.47961192 0.53112911 0.24347907 0.51593265
 0.44269949 0.44788275 0.33017253 0.40964236 0.54594442 0.33040408
 0.77298497 0.73051201 0.44265857 0.25989437 0.68122082 0.49547151
 0.50422386 0.65155753 0.51068347 0.54313366 0.5751321  0.53588897
 0.46435994 0.31900496 0.53986226 0.30951317 0.59983446 0.53303214
 0.41474598 0.5901938  0.75166255 0.56425852 0.46179357 0.51473544
 0.40995903 0.4069314  0.45012983 0.44237023 0.43365983 0.30545204
 0.43808512 0.45150697 0.65299256 0.62926418 0.51632424 0.53892651
 0.46014578 0.29499277 0.58983864 0.43478647 0.24014227 0.41963322
 0.49369419 0.40468891 0.57719686 0.42423113 0.40498282 0.81556732
 0.38573255 0.41708201 0.64670321 0.38449435 0.45259886 0.53815483
 0.5477832  0.58252461 0.52160275 0.66535122 0.44940886 0.49879562
 0.55910258 0.53079867 0.49129227 0.24865284 0.42787872 0.71195716
 0.25775876 0.67920022 0.62522676 0.3182505  0.29384143 0.34885702
 0.34762924 0.43654188 0.57327835 0.5474808  0.47811555 0.33905411
 0.49439436 0.38256317 0.71758404 0.62307717 0.5533909  0.38274578
 0.41881268 0.40373438 0.60824665 0.23982581 0.40214177 0.44858218
 0.35132021 0.52705658 0.29324812 0.62215404 0.64909616 0.74163829
 0.29259591 0.47250978 0.52919027 0.37217365 0.50448037 0.57490317]
psi, axis=1: [ 1.97045468  3.67595785  0.36386902  1.41745265  1.95236726  3.2440483
  2.48742623  0.67467779  1.57262257  2.01401573  2.45535659  1.3758169
  0.88640669  0.96542782  1.05032676  1.44126366  2.2089782   0.79829665
  3.91982696  2.31616469  1.27587811  0.86528859  2.34492468  1.38370994
  1.13422005  1.32771716  3.26201004  0.94497348  1.63793023  1.21600404
  1.72768968  1.20153842  2.18193463  2.48867303  1.23205286  0.55848843
  1.75866689  1.84428837  1.32148534  0.74440025  0.68836326  1.1727527
  1.3120796   1.76510302  1.81178665  1.98294605  0.532195    2.36269802
  1.06264736  2.8639456   2.53840407  2.04720808  2.85739344  2.07189892
  1.88639276  2.23297248  1.74907492  1.44154542  1.75349125  1.74266528
  1.86841319  3.16374609  0.9032179   0.55877666  2.08035026  2.65234684
  0.71728786  1.62868538  2.26406799  1.87811363  0.78063147  3.23790761
  1.10302864  1.42608621  1.67915456  0.89250962  0.75642134  1.92485747
  2.71819999  0.98225687  3.67507161  0.8268942   2.93755153  2.76005034
  1.11654268  1.38447989  1.24118539  1.93642872  0.68028442  1.01852712
  2.64462812  1.62810743  0.18033139  4.50894182  2.79785655  0.91118709
  1.62861955  1.65368108  2.48125096  1.80613856  0.99446527  1.35727306
  0.92453198  3.98188628  1.46671113  2.24926697  1.42355292  1.24259038
  3.08299852  0.92719363  1.6109073   0.97566686  2.11497874  0.27618349
  1.56438627  1.88677803  0.78076061  1.35668766  2.06398028  0.35662195
  2.06143652  0.82269495  1.22473937  2.35197833  1.27653479  4.65291132
  1.09054582  1.4834753   0.78297552  0.90984572  0.28321766  1.42204002
  0.69454653  2.56902315  0.18728047  1.03726647  0.74992403  4.03816496
  1.67425452  2.56469945  1.29799979  1.52638443  2.33178251  2.41029818
  1.42670855  3.12147795  1.68256681  0.88830971  2.25305472  0.71997951
  2.22048841  2.56385659  3.03623805  3.55564625  1.07165879  2.47161475
  1.25619334  1.16994759  1.71073152  1.87563963  1.01258823  1.50545479
  1.23051336  1.138116    1.44295927  2.16514242  0.59240508  2.43135523
  0.79397061  0.51090561  1.33506815  0.67264943  2.51022072  2.11292286
  0.84445485  0.81148806  1.69091095  2.01821676  1.01608049 13.23617984
  1.92407055  3.18356475  1.50585035  1.97413385  0.23734224  1.59596801
  0.71373146  1.74733398  3.8352427   0.69461094  0.55122706  2.3155716
  0.77367876  1.76838765  0.25214911  1.60595708  1.09306641  3.63117109
  0.83387565  1.05203179  2.29880805  1.75021747  2.65083056  0.92053345
  2.75690965  2.67974998  2.83541976  2.06652852  2.81316344 22.60760302
  1.8834843   0.87489205  1.35857497  1.75201663  2.14921972  2.18707469
  1.31252401  2.86722396  2.53443122  1.93305776  0.45382201  2.42145718
  0.80759299  2.12820851  0.70048017  0.39073609  2.31197805  0.93493846
  1.3934034   1.69440105  2.65540431  1.33497531  1.41198491  0.53169748
  2.48103598  0.72339219  3.90897296  1.05304402  2.00279358  2.63390908
  0.27283682  2.66909022  1.38657655  2.26361943  2.92441501  2.0107778
  1.72615557  1.22932567  1.0325521   0.87215463  2.4901577   1.71101503
  1.59471248  0.61942049  2.76282875  0.50093697  3.12728249  1.42676426
  0.52365635  2.5015484   2.24755026  0.77352743  1.86240775  2.36323191
  2.84608896  1.66094717  1.45906337  2.02681255  1.74967641  2.05875856
  1.42792983  0.29568081  2.18324025  1.06869145  1.69831358  1.55051351
  0.91914447  2.41098108  1.57829996  1.87849214  2.46312431  0.27446185
  2.21850198  0.70371433  1.30310691  1.89835796  1.37377405  2.78580002
  0.71053411  1.70318799  2.13375648  2.03710169  2.00151746  2.79271652
  1.8789146   0.94758269  1.44284382  0.95151457  2.0984961   1.43713075]
pi_r, axis=1: [0.52330602 0.30508876 0.28580004 0.52528075 0.56755303 0.40523845
 0.55082095 0.61376217 0.35812823 0.71164911 0.38650677 0.40819979
 0.30438222 0.53921273 0.57031918 0.3157295  0.37353749 0.69621136
 0.40742336 0.43549493 0.62046428 0.37292491 0.45712375 0.36252429
 0.35928969 0.48654909 0.50834326 0.55645697 0.72582726 0.42897513
 0.50046339 0.35381014 0.40972126 0.54847882 0.59505416 0.48684972
 0.54142943 0.27967404 0.46489391 0.46856426 0.51191755 0.33534931
 0.502063   0.59190886 0.4756219  0.4697335  0.7170332  0.34698613
 0.4304177  0.58086811 0.57800553 0.67121722 0.76746614 0.68887575
 0.5130617  0.28437766 0.45156628 0.70973549 0.41809438 0.31261247
 0.5142708  0.52506049 0.3130677  0.5445984  0.28618457 0.77048846
 0.33514728 0.54225173 0.35639142 0.52455185 0.58780479 0.55117671
 0.62354876 0.35689695 0.51992833 0.41923791 0.50873081 0.47414718
 0.50626787 0.68811132 0.5756771  0.47287002 0.44619193 0.45615331
 0.29698543 0.30633315 0.67352227 0.26865571 0.35628542 0.47037994
 0.56528123 0.5990587  0.47264717 0.48816589 0.41750576 0.68083386
 0.42754588 0.43000748 0.59218203 0.47217903 0.52005473 0.32817957
 0.47462186 0.54662426 0.50946367 0.41857356 0.50476037 0.43298648
 0.28573373 0.62220497 0.43581485 0.3173373  0.58560338 0.36762558
 0.46617439 0.46041975 0.48185699 0.47134848 0.28171975 0.4903941
 0.50640946 0.49412696 0.50594108 0.59262857 0.37558041 0.3483334
 0.39353594 0.6392084  0.19742806 0.66493685 0.46322438 0.29784072
 0.39146251 0.5373195  0.32345474 0.60350769 0.5717906  0.66062792
 0.41249649 0.45551914 0.33990202 0.56571204 0.34147233 0.76894027
 0.51465162 0.57896028 0.4612918  0.68564964 0.50582563 0.50720402
 0.54426387 0.23334359 0.4245807  0.404744   0.52509422 0.47549702
 0.46619212 0.42262952 0.33526702 0.32629356 0.60828843 0.52114507
 0.49821234 0.55004615 0.28019094 0.53209981 0.65452165 0.57948042
 0.62150803 0.55240876 0.41655686 0.67977559 0.34394519 0.26484329
 0.3829877  0.4779933  0.61891959 0.31607151 0.46545568 0.5503798
 0.6356407  0.48733032 0.56814828 0.53850375 0.3805849  0.69131759
 0.49275334 0.5819778  0.47961192 0.53112911 0.24347907 0.51593265
 0.44269949 0.44788275 0.33017253 0.40964236 0.54594442 0.33040408
 0.77298497 0.73051201 0.44265857 0.25989437 0.68122082 0.49547151
 0.50422386 0.65155753 0.51068347 0.54313366 0.5751321  0.53588897
 0.46435994 0.31900496 0.53986226 0.30951317 0.59983446 0.53303214
 0.41474598 0.5901938  0.75166255 0.56425852 0.46179357 0.51473544
 0.40995903 0.4069314  0.45012983 0.44237023 0.43365983 0.30545204
 0.43808512 0.45150697 0.65299256 0.62926418 0.51632424 0.53892651
 0.46014578 0.29499277 0.58983864 0.43478647 0.24014227 0.41963322
 0.49369419 0.40468891 0.57719686 0.42423113 0.40498282 0.81556732
 0.38573255 0.41708201 0.64670321 0.38449435 0.45259886 0.53815483
 0.5477832  0.58252461 0.52160275 0.66535122 0.44940886 0.49879562
 0.55910258 0.53079867 0.49129227 0.24865284 0.42787872 0.71195716
 0.25775876 0.67920022 0.62522676 0.3182505  0.29384143 0.34885702
 0.34762924 0.43654188 0.57327835 0.5474808  0.47811555 0.33905411
 0.49439436 0.38256317 0.71758404 0.62307717 0.5533909  0.38274578
 0.41881268 0.40373438 0.60824665 0.23982581 0.40214177 0.44858218
 0.35132021 0.52705658 0.29324812 0.62215404 0.64909616 0.74163829
 0.29259591 0.47250978 0.52919027 0.37217365 0.50448037 0.57490317]