Average true_rho_s: -0.005654351293013436
Average true_rho_r: 0.001130870258602687
Average true_pi_r: 0.40423899294787885
Average true_psi: 50.21159800401674
1400 samples: 
rho_s: -0.007933537058123006
rho_r: 0.004261720338792269
pi_r: 0.4865771513330436
psi: 1.7730933833871108
pi_r: 0.4865771513330436
rho_s, axis=1: [-0.00739658 -0.01460754 -0.00829409 -0.00394293 -0.00863897 -0.0044586
 -0.00537397 -0.01173572 -0.0127411  -0.00513628 -0.0104065  -0.00282875
 -0.01183414 -0.00948366 -0.00693864 -0.00854076 -0.00688684 -0.00466294
 -0.00797737 -0.01235373 -0.004369   -0.00534528 -0.0054493  -0.00925617
 -0.01014814 -0.0085929  -0.01009957 -0.00410001 -0.00877635 -0.00638253
 -0.00193987 -0.00393208 -0.00709299 -0.00767706 -0.00948705 -0.01055243
 -0.00725444 -0.00756457 -0.00350613 -0.0103335  -0.00916575 -0.01158936
 -0.01270436 -0.00530791 -0.01008448 -0.00714548 -0.00980879 -0.00752507
 -0.00622087 -0.0078987  -0.01306541 -0.0076654  -0.00766883 -0.00575663
 -0.01276765 -0.01133706 -0.00495888 -0.00495031 -0.01140639 -0.00937192
 -0.00630112 -0.00973665 -0.00849453 -0.00931577 -0.00854933 -0.01022126
 -0.00886098 -0.01458663 -0.00479545 -0.00680319 -0.00864063 -0.01146436
 -0.00382384 -0.00710165 -0.00802893 -0.01285689 -0.00520483 -0.00621731
 -0.0020803  -0.00380872 -0.00373532 -0.01046372 -0.01271746 -0.00183478
 -0.01131618 -0.00335138 -0.00482693 -0.01463938 -0.00763058 -0.00723599
 -0.00882439 -0.01054226 -0.00752906 -0.00586238 -0.00394048 -0.00332182
 -0.01188037 -0.00187553 -0.00557457 -0.00681785 -0.00926518 -0.01095345
 -0.00284912 -0.01439535 -0.00606405 -0.00950437 -0.00167807 -0.00597083
 -0.0089614  -0.01268917 -0.00695041 -0.00284978 -0.00818443 -0.00879659
 -0.00709479 -0.00512127 -0.00946794 -0.0047298  -0.00665867 -0.01174347
 -0.00226885 -0.01160513 -0.00597221 -0.01472115 -0.01149763 -0.01176032
 -0.00203137 -0.00643327 -0.01109464 -0.0080275  -0.00845106 -0.00559582
 -0.01003069 -0.00924813 -0.00729232 -0.00353045 -0.01076746 -0.00552081
 -0.006107   -0.00473393 -0.00545834 -0.00513267 -0.00996188 -0.0028831
 -0.01221123 -0.00645711 -0.00556404 -0.01038022 -0.01101931 -0.00497446
 -0.00418239 -0.00489622 -0.00780164 -0.00634876 -0.00952386 -0.0045719
 -0.01185541 -0.00494974 -0.00687097 -0.00290231 -0.00535657 -0.00984571
 -0.00705548 -0.00586455 -0.00076652 -0.00432315 -0.00888638 -0.0118326
 -0.01208445 -0.01481027 -0.00411052 -0.01010858 -0.01094528 -0.00989771
 -0.01198141 -0.01077226 -0.00677377 -0.00919399 -0.01184666 -0.01007487
 -0.00894314 -0.00817762 -0.01171983 -0.00844062 -0.00709718 -0.00892653
 -0.00444832 -0.01542912 -0.00407296 -0.01394281 -0.01230603 -0.00616104
 -0.01367015 -0.01223056 -0.00833401 -0.01163874 -0.01305536 -0.00297608
 -0.00980608 -0.00543305 -0.00385926 -0.01149856 -0.00586759 -0.0081352
 -0.00588187 -0.00676319 -0.01095373 -0.01148507 -0.00834022 -0.00454973
 -0.00588752 -0.00751858 -0.0121744  -0.00478675 -0.00835117 -0.01027325
 -0.00605761 -0.00692976 -0.00887466 -0.00318976 -0.0064427  -0.00901424
 -0.00949698 -0.00356676 -0.00252041 -0.01106235 -0.00422374 -0.00713349
 -0.00851357 -0.00292109 -0.00901685 -0.00846849 -0.01107717 -0.01123266
 -0.0003666  -0.01139095 -0.00852587 -0.01285923 -0.00434407 -0.01189337
 -0.00454842 -0.0064049  -0.00737576 -0.00671114 -0.00919057 -0.0076923
 -0.01095704 -0.00427888 -0.01148141 -0.00510915 -0.00061431 -0.00608489
 -0.00393184 -0.00937236 -0.00907069 -0.00843555 -0.01143071 -0.00994909
 -0.00542071 -0.00629398 -0.01195786 -0.00622689 -0.00775233 -0.00947519
 -0.00715202 -0.00767633 -0.00978347 -0.00833141 -0.00582875 -0.00800423
 -0.01286394 -0.00567525 -0.00798451 -0.00410286 -0.01226089 -0.00832003
 -0.006497   -0.00612463 -0.01429566 -0.00620995 -0.01395071 -0.00256155
 -0.00858964 -0.0122236  -0.00950886 -0.00846647 -0.00646283 -0.00633605
 -0.00593303 -0.00681166 -0.00674062 -0.01082164 -0.00444565 -0.00761543
 -0.0021556  -0.00901154 -0.00898644 -0.01393568 -0.01280731 -0.01115745]
rho_r, axis=1: [0.00587816 0.00237768 0.00429057 0.00610655 0.00231208 0.00471614
 0.00348656 0.0015438  0.00381137 0.00295266 0.0031058  0.0067492
 0.00384443 0.00201544 0.00548649 0.00435475 0.00340727 0.00230207
 0.00397681 0.00451195 0.00609234 0.003777   0.00127628 0.00576495
 0.00527494 0.00418102 0.00376361 0.00344808 0.00472036 0.00287374
 0.00206917 0.00520516 0.00535324 0.00315089 0.0053853  0.00510068
 0.00380887 0.00428858 0.00580483 0.00412174 0.00349636 0.00396096
 0.00642767 0.00576439 0.00289269 0.00465272 0.0056942  0.00451338
 0.00683292 0.00317212 0.0037038  0.00183249 0.00530481 0.00399534
 0.00486678 0.00458473 0.0017447  0.00282191 0.00372717 0.0045284
 0.00246112 0.00294022 0.00332791 0.00525576 0.00424609 0.00123839
 0.00524981 0.00569074 0.00551937 0.00291898 0.0018683  0.00519751
 0.00473693 0.00431739 0.00576053 0.00347087 0.00450487 0.00326882
 0.00538049 0.00696291 0.00485867 0.00584469 0.00768058 0.00700692
 0.00627946 0.00525974 0.00537846 0.00416263 0.00022122 0.0042739
 0.00363246 0.00486272 0.00489075 0.00383888 0.00445028 0.00517899
 0.00364433 0.0046398  0.00518791 0.00457416 0.00122977 0.00542165
 0.00337242 0.00430252 0.00564249 0.00038102 0.00464333 0.00419157
 0.00263195 0.00360015 0.00627922 0.0030669  0.0067955  0.00256148
 0.00412044 0.00473375 0.00227233 0.00258228 0.00525818 0.00354676
 0.00608468 0.00219244 0.00597289 0.00169899 0.00540593 0.00146525
 0.00250938 0.00473117 0.00419184 0.00398568 0.00650764 0.00350944
 0.00291201 0.0047083  0.00359291 0.00624466 0.00649542 0.00165742
 0.00271153 0.00410199 0.0032431  0.00548838 0.00420258 0.00326562
 0.00507592 0.00541505 0.00595701 0.0034211  0.00526031 0.00213901
 0.00505773 0.00525163 0.0046433  0.00321399 0.00303541 0.0050556
 0.00636841 0.00311171 0.00575424 0.00330884 0.00481025 0.00713709
 0.00125497 0.00325228 0.00722088 0.0036719  0.00310627 0.00323252
 0.00546829 0.00642953 0.00386604 0.00394895 0.00655975 0.00203957
 0.00577818 0.00369157 0.00575963 0.00490838 0.00309797 0.00446558
 0.00498006 0.00295049 0.00630201 0.00566925 0.00513018 0.00498598
 0.00368357 0.00464946 0.00283528 0.00165242 0.00467789 0.00279253
 0.00455825 0.00634602 0.00570744 0.00557989 0.00399235 0.00309223
 0.00238292 0.00549042 0.00247216 0.00623726 0.00434117 0.00533583
 0.00345876 0.00513307 0.0040775  0.00686987 0.00661563 0.00585746
 0.00513528 0.00491334 0.0041931  0.00325262 0.00371787 0.00342432
 0.00550431 0.00253663 0.00379388 0.00354818 0.00574682 0.00380019
 0.00403276 0.00443105 0.00661942 0.00542529 0.00266777 0.00504786
 0.00570883 0.00503881 0.00399006 0.00532919 0.00310477 0.00347924
 0.00304518 0.00278037 0.00358748 0.00266352 0.00623914 0.00446952
 0.00485638 0.00375486 0.00479405 0.00450507 0.00564662 0.0055908
 0.00263011 0.00513831 0.00327274 0.00143117 0.00490431 0.00277986
 0.00604894 0.00325029 0.00564218 0.00472108 0.00400521 0.00353756
 0.00373861 0.00613331 0.00453812 0.00706363 0.00315748 0.00613268
 0.00154868 0.00337071 0.00363485 0.0050449  0.00583136 0.00344223
 0.00324671 0.00246666 0.00521114 0.00554752 0.0020511  0.00326598
 0.00216121 0.00521591 0.00572531 0.0043503  0.00452977 0.00244465
 0.00539206 0.00529124 0.00523222 0.00406777 0.00399168 0.00463988
 0.00187716 0.00509235 0.00277106 0.00267863 0.00339485 0.00610948
 0.00186967 0.00531834 0.00337582 0.00391338 0.00493093 0.00444958]
pi_r, axis=1: [0.60529168 0.51660516 0.45692802 0.23888046 0.67095745 0.48408707
 0.37871452 0.5720761  0.3155699  0.46648454 0.45641901 0.69039089
 0.53678157 0.39405362 0.54416293 0.32714415 0.36877943 0.5045791
 0.3820998  0.51055183 0.54716539 0.62436198 0.42930565 0.59903215
 0.29604664 0.64259408 0.547895   0.72522372 0.26481332 0.47995845
 0.68019835 0.48793975 0.33051475 0.49608455 0.38691575 0.62221413
 0.53155894 0.34117585 0.23952257 0.70963676 0.51441291 0.52994409
 0.65174562 0.52687953 0.58740806 0.36880236 0.35689947 0.46096755
 0.49762933 0.70927095 0.28302021 0.48829028 0.47566913 0.40926108
 0.49060715 0.46549039 0.31185036 0.31482004 0.29817458 0.45898279
 0.2267416  0.46084114 0.46818814 0.36306915 0.60134397 0.37888445
 0.81775938 0.40846116 0.36345553 0.17994078 0.51555965 0.54169433
 0.56292633 0.60697271 0.38649869 0.41044508 0.51837894 0.59597834
 0.45988836 0.41272411 0.58941751 0.62517605 0.42874746 0.46163406
 0.59391385 0.42912399 0.48988347 0.39557278 0.48554958 0.67777579
 0.58743546 0.7169312  0.42715992 0.41415452 0.44889205 0.46318122
 0.4432489  0.43291386 0.53093742 0.40734124 0.1998044  0.36034938
 0.55737064 0.51025006 0.43702659 0.44962406 0.35989639 0.59192235
 0.43199129 0.53352626 0.5207067  0.4087878  0.71153144 0.50520407
 0.55881165 0.37424641 0.54051869 0.55608056 0.47685585 0.48667957
 0.47205089 0.59975196 0.36773431 0.34908935 0.26543688 0.58070621
 0.52927796 0.55285637 0.46519437 0.46425384 0.45704948 0.62790755
 0.7419222  0.37552839 0.68590233 0.60536616 0.630422   0.62502388
 0.40766074 0.49128089 0.44902516 0.56899163 0.44505441 0.52407925
 0.66072502 0.46198833 0.44667265 0.35139058 0.30564995 0.30455228
 0.43804416 0.59966705 0.51679368 0.53820159 0.51711789 0.45933665
 0.53441223 0.39804646 0.29024835 0.56413376 0.60458491 0.52788213
 0.64061566 0.42603822 0.43939501 0.51063058 0.53910648 0.50668745
 0.3526529  0.35082298 0.53449448 0.48428278 0.44109208 0.49953492
 0.38367017 0.4783468  0.30096771 0.55809516 0.72970974 0.45716128
 0.58114236 0.52190652 0.74334031 0.7604079  0.45841225 0.31534898
 0.23207183 0.60697678 0.42549756 0.48963958 0.35380653 0.60596524
 0.41558582 0.32753338 0.1984268  0.35386183 0.73434312 0.50151908
 0.5082742  0.73022956 0.39669743 0.44705132 0.47933797 0.37201325
 0.58641214 0.57446841 0.44121933 0.31889317 0.27219808 0.35904458
 0.3582758  0.490844   0.58841261 0.49614747 0.39321888 0.51203248
 0.59894004 0.57835269 0.46273913 0.60777947 0.35142902 0.32105894
 0.47451957 0.79727434 0.70278104 0.55744058 0.47267869 0.53937828
 0.61541808 0.55742115 0.48839666 0.45662177 0.50071554 0.40961329
 0.49423586 0.67426602 0.34290135 0.41328456 0.31162449 0.49986684
 0.59407991 0.73751657 0.44513234 0.41236602 0.53390867 0.54746138
 0.59320315 0.35636354 0.54941466 0.78656639 0.39788879 0.41599141
 0.38622428 0.43422786 0.42827222 0.54901444 0.65522793 0.32370031
 0.34873382 0.54247689 0.6347569  0.40710835 0.60731762 0.43850724
 0.53956311 0.66885935 0.36520718 0.30077897 0.38736784 0.50799587
 0.51219788 0.47962596 0.39534246 0.55037069 0.38991325 0.46344322
 0.70495222 0.26166412 0.51928838 0.59717786 0.48347073 0.37000562
 0.38091767 0.63465047 0.41511284 0.55650939 0.57584639 0.62380811
 0.57459061 0.45626087 0.58370065 0.42820827 0.26060992 0.6416776
 0.57225682 0.55407775 0.32739106 0.39161099 0.71455492 0.5422962 ]
psi, axis=1: [ 1.49525929  1.04043015  0.92914298  1.96620149  1.06914528  0.24616774
  1.25108415  2.73474081  1.86646585  0.39932339  5.40072282  0.71887367
  2.04909531  0.62333798  0.95497141  1.26475896  0.83862982  1.80587626
  1.81957879  1.5502831   2.53559973  0.9572065   1.13250566  1.39983099
  1.30822441  0.67202504  0.85263031  2.51342068  0.30039581  1.4139292
  0.76925216  2.56268798  3.71062081  2.22803406  1.81955848  3.2866693
  1.61303171  0.55099783  0.65889602  1.28201901  0.74966653  0.7070762
  1.55876451  0.81561653  0.32269384  3.03559354  1.94993567  2.26178372
  1.27435575  2.46812324  1.46234953  1.46007135  1.86854156  2.9665304
  2.04758586  4.92171778  1.71872009  1.79054769  2.16445604  0.56057352
  1.6005873   1.83017957  3.19316365  0.96496762  0.50909905  1.50368217
  0.88426071  0.48640676  0.76988452  2.57088509  3.59946498  2.20247971
  1.41185065  2.67841686  1.44351999  1.37344661  2.93298738  3.73755689
  1.54763707  0.30428079  3.05471635  1.6183953   0.25420837  0.91060728
  2.39193982  1.74732098  0.50193277  2.51560164  1.11131472  1.8495343
  2.81926712  1.8003133   2.92102965  2.53004208  1.96974472  1.35284804
  1.57953075  1.77723958  0.93946035  0.69577728  2.28784871  1.81253022
  2.39132824  1.50385086  1.72377175  1.51060105  2.37002131  2.16238578
  3.5954998   0.50613923  0.98052836  2.71128576  0.50367225  2.66398371
  1.78052393  0.4806573   1.13448773  1.64212099  0.86551159  1.2265454
  0.71222742  0.82634899  0.4796693   0.70217712  0.60393759  2.28029061
  1.32042212  2.10970581  0.98252809  0.75714585  2.44218873  1.62368163
  1.14182575  0.35986533  1.64160897  1.28584124  1.0894751   1.48515797
  3.06056578  3.32411944  2.35849119  0.77118749  1.71116897  1.21566976
  1.53369236  1.51324475  1.61017391  1.04419609  2.36040278  2.13962438
  0.4935005   2.4020398   0.5387842   2.34560692  2.04491847  2.39217074
  1.72351022  2.23556051  2.13608647  1.02040985  1.13012489  0.61863478
  0.98779173  2.61087752  0.90209051  1.61317401  1.40902464  1.65441284
  1.37993193  1.99739701  1.15531307  1.53493045  2.1820421   2.4976162
  1.03861486  0.94695385  1.64177226  3.40927617  1.12252848  1.41770311
  1.85489937  0.9163363   1.16680635  2.50971173  0.637814    2.26630483
  1.70949266  1.68472183  4.09765191  1.15647822  1.7900885   1.82616987
  2.53487269  1.02117782  0.36714422  0.56588182  1.75643478  1.18703689
  3.16386018  0.64937233  2.72205986  2.51489537  2.92776933  1.98071456
  0.36352038  1.38729192  1.7179389   0.71746879  2.38729666 29.35494244
  1.84938633  1.13066836  1.41967357  1.09169775  0.61895322  0.80293288
  0.8714148   1.10603279  0.61874728  1.70805202  1.03936296  1.37505403
  0.45001067  1.18523236  1.90938455  2.0628536   3.6047127   0.70983931
  2.80553083  1.09896647  1.34194343  0.97780295  2.98590403  4.69378416
  1.88087754  2.16940471  4.23492317  2.82598598  1.35108498  0.54408231
  1.61933677  0.58769388  2.50247719  0.5532868   0.91681302  1.35388639
  0.37033633  1.77280679  3.81933718  2.13223071  0.62678341  2.61840568
  2.42557684  3.19388369  1.5484165   2.26134555  1.77627198  1.6826399
  2.25336332  2.52506965  0.6934402   0.801134    0.87192971  0.19712776
  1.97858981  2.45956775  1.35904718  1.95175977  1.02993784  0.60553644
  2.53414607  2.27678517  1.15931019  2.17990047  2.70260428  1.21876986
  0.70560505  1.9981498   2.06717735  2.12088309  2.33971575  0.7074462
  0.83524624  0.50579909  2.27315139  2.00495443  2.68367819  1.8262748
  4.14439541  1.11242753  1.22419931  1.67419293  3.75204858  1.53596009
  4.23761899  2.73084394  1.24016186  0.5804721   1.43672333  3.72625048]
pi_r, axis=1: [0.60529168 0.51660516 0.45692802 0.23888046 0.67095745 0.48408707
 0.37871452 0.5720761  0.3155699  0.46648454 0.45641901 0.69039089
 0.53678157 0.39405362 0.54416293 0.32714415 0.36877943 0.5045791
 0.3820998  0.51055183 0.54716539 0.62436198 0.42930565 0.59903215
 0.29604664 0.64259408 0.547895   0.72522372 0.26481332 0.47995845
 0.68019835 0.48793975 0.33051475 0.49608455 0.38691575 0.62221413
 0.53155894 0.34117585 0.23952257 0.70963676 0.51441291 0.52994409
 0.65174562 0.52687953 0.58740806 0.36880236 0.35689947 0.46096755
 0.49762933 0.70927095 0.28302021 0.48829028 0.47566913 0.40926108
 0.49060715 0.46549039 0.31185036 0.31482004 0.29817458 0.45898279
 0.2267416  0.46084114 0.46818814 0.36306915 0.60134397 0.37888445
 0.81775938 0.40846116 0.36345553 0.17994078 0.51555965 0.54169433
 0.56292633 0.60697271 0.38649869 0.41044508 0.51837894 0.59597834
 0.45988836 0.41272411 0.58941751 0.62517605 0.42874746 0.46163406
 0.59391385 0.42912399 0.48988347 0.39557278 0.48554958 0.67777579
 0.58743546 0.7169312  0.42715992 0.41415452 0.44889205 0.46318122
 0.4432489  0.43291386 0.53093742 0.40734124 0.1998044  0.36034938
 0.55737064 0.51025006 0.43702659 0.44962406 0.35989639 0.59192235
 0.43199129 0.53352626 0.5207067  0.4087878  0.71153144 0.50520407
 0.55881165 0.37424641 0.54051869 0.55608056 0.47685585 0.48667957
 0.47205089 0.59975196 0.36773431 0.34908935 0.26543688 0.58070621
 0.52927796 0.55285637 0.46519437 0.46425384 0.45704948 0.62790755
 0.7419222  0.37552839 0.68590233 0.60536616 0.630422   0.62502388
 0.40766074 0.49128089 0.44902516 0.56899163 0.44505441 0.52407925
 0.66072502 0.46198833 0.44667265 0.35139058 0.30564995 0.30455228
 0.43804416 0.59966705 0.51679368 0.53820159 0.51711789 0.45933665
 0.53441223 0.39804646 0.29024835 0.56413376 0.60458491 0.52788213
 0.64061566 0.42603822 0.43939501 0.51063058 0.53910648 0.50668745
 0.3526529  0.35082298 0.53449448 0.48428278 0.44109208 0.49953492
 0.38367017 0.4783468  0.30096771 0.55809516 0.72970974 0.45716128
 0.58114236 0.52190652 0.74334031 0.7604079  0.45841225 0.31534898
 0.23207183 0.60697678 0.42549756 0.48963958 0.35380653 0.60596524
 0.41558582 0.32753338 0.1984268  0.35386183 0.73434312 0.50151908
 0.5082742  0.73022956 0.39669743 0.44705132 0.47933797 0.37201325
 0.58641214 0.57446841 0.44121933 0.31889317 0.27219808 0.35904458
 0.3582758  0.490844   0.58841261 0.49614747 0.39321888 0.51203248
 0.59894004 0.57835269 0.46273913 0.60777947 0.35142902 0.32105894
 0.47451957 0.79727434 0.70278104 0.55744058 0.47267869 0.53937828
 0.61541808 0.55742115 0.48839666 0.45662177 0.50071554 0.40961329
 0.49423586 0.67426602 0.34290135 0.41328456 0.31162449 0.49986684
 0.59407991 0.73751657 0.44513234 0.41236602 0.53390867 0.54746138
 0.59320315 0.35636354 0.54941466 0.78656639 0.39788879 0.41599141
 0.38622428 0.43422786 0.42827222 0.54901444 0.65522793 0.32370031
 0.34873382 0.54247689 0.6347569  0.40710835 0.60731762 0.43850724
 0.53956311 0.66885935 0.36520718 0.30077897 0.38736784 0.50799587
 0.51219788 0.47962596 0.39534246 0.55037069 0.38991325 0.46344322
 0.70495222 0.26166412 0.51928838 0.59717786 0.48347073 0.37000562
 0.38091767 0.63465047 0.41511284 0.55650939 0.57584639 0.62380811
 0.57459061 0.45626087 0.58370065 0.42820827 0.26060992 0.6416776
 0.57225682 0.55407775 0.32739106 0.39161099 0.71455492 0.5422962 ]