Average true_rho_s: -0.005654351293013436
Average true_rho_r: 0.001130870258602687
Average true_pi_r: 0.40423899294787885
Average true_psi: 50.21159800401674

rho_s: -0.0080311736136587
rho_r: 0.0034255344607434547
pi_r: 0.4938173590881433
psi: 1.7231364802147675
pi_r: 0.4938173590881433
rho_s, axis=1: [-0.01033228 -0.01140981 -0.00670367 -0.00524802 -0.00946729 -0.00360366
 -0.01126689 -0.00995062 -0.00931113 -0.007818   -0.00589685 -0.00853818
 -0.00865429 -0.01227487 -0.00745164 -0.00977212 -0.00744349 -0.00367782
 -0.00691633 -0.00460705 -0.01062014 -0.00386229 -0.01063588 -0.01191542
 -0.00718309 -0.00452933 -0.00560654 -0.00927058 -0.00939361 -0.00143944
 -0.01009648 -0.00500978 -0.00447038 -0.00443585 -0.00839269 -0.00914397
 -0.00780475 -0.01000284 -0.0088094  -0.00537565 -0.00524654 -0.00993732
 -0.00375311 -0.01121513 -0.00393778 -0.00308875 -0.01300535 -0.00743803
 -0.0071463  -0.0108433  -0.00375823 -0.0060146  -0.00728461 -0.00617163
 -0.01210403 -0.00454015 -0.00874177 -0.00891444 -0.00301671 -0.00839116
 -0.00858259 -0.01453944 -0.00846639 -0.00841494 -0.01041199 -0.01089291
 -0.00838164 -0.00327885 -0.00321139 -0.00723884 -0.00874804 -0.00606179
 -0.00232795 -0.00138308 -0.00656655 -0.00454849 -0.01030567 -0.01080348
 -0.01254829 -0.00597238 -0.00337596 -0.01202468 -0.0121019  -0.00568834
 -0.00773669 -0.0043845  -0.00716712 -0.0093976  -0.01135366 -0.01192381
 -0.00662946 -0.00989456 -0.00617861 -0.00744995 -0.00822519 -0.01136138
 -0.00812992 -0.01029724 -0.00748687 -0.00756654 -0.01213483 -0.00816963
 -0.00966087 -0.0051399  -0.00568415 -0.01163042 -0.00721477 -0.00472529
 -0.00781747 -0.00683893 -0.00984727 -0.00458632 -0.00693809 -0.01045325
 -0.00981597 -0.00708996 -0.01221844 -0.00776614 -0.0065545  -0.00934893
 -0.00490107 -0.00946865 -0.01253105 -0.01225739 -0.01163484 -0.01056841
 -0.0085644  -0.00542834 -0.00777682 -0.00854875 -0.00274143 -0.00370523
 -0.009746   -0.00668852 -0.01187447 -0.01070997 -0.0091222  -0.00074139
 -0.00979713 -0.00511717 -0.00941438 -0.01321748 -0.01140987 -0.00700672
 -0.00855268 -0.00661797 -0.00784545 -0.00931214 -0.01132108 -0.01153617
 -0.01035581 -0.00777517 -0.01543523 -0.00861199 -0.00730077 -0.0087151
 -0.00688682 -0.00984049 -0.00408158 -0.01041367 -0.0058687  -0.00516503
 -0.01088648 -0.01087569 -0.00976976 -0.00991929 -0.00775303 -0.00839671
 -0.00652527 -0.00590506 -0.00706198 -0.00374884 -0.01123615 -0.00717185
 -0.00261602 -0.00935151 -0.00812378 -0.00649117 -0.00375001 -0.00286121
 -0.01066047 -0.01039773 -0.00923573 -0.00770317 -0.0047904  -0.0071476
 -0.00889133 -0.00291809 -0.0092137  -0.00769892 -0.00689396 -0.00732176
 -0.00415402 -0.00762673 -0.00835252 -0.00962796 -0.00991325 -0.01148407
 -0.00689756 -0.01399692 -0.0102442  -0.0070539  -0.00496978 -0.0086401
 -0.00793437 -0.00836343 -0.01232505 -0.00588565 -0.00563441 -0.00409501
 -0.00848453 -0.00928614 -0.00448875 -0.0076424  -0.0061051  -0.01204484
 -0.00947989 -0.01300467 -0.00241688 -0.01254214 -0.00246053 -0.00757613
 -0.0043048  -0.01020435 -0.00913378 -0.00887974 -0.00366983 -0.00824462
 -0.01074126 -0.00949817 -0.01131475 -0.00343657 -0.00936659 -0.01115425
 -0.00263576 -0.00527013 -0.00575635 -0.00975978 -0.01084653 -0.01317122
 -0.00761579 -0.00978081 -0.00850111 -0.01040212 -0.01164706 -0.01082081
 -0.00559218 -0.00909986 -0.007617   -0.01086615 -0.00845386 -0.00336467
 -0.01156378 -0.00830535 -0.00882028 -0.01032968 -0.00859733 -0.00875781
 -0.00755172 -0.00830389 -0.01020944 -0.01434018 -0.01089329 -0.00719134
 -0.0086258  -0.00423762 -0.01021828 -0.005133   -0.01160685 -0.00460211
 -0.01046779 -0.0072888  -0.00155888 -0.01093772 -0.00516355 -0.00933515
 -0.0149911  -0.0088069  -0.00914982 -0.00825945 -0.01446329 -0.01041179
 -0.0088424  -0.01048535 -0.0092466  -0.0022171  -0.00492501 -0.00453304
 -0.0084193  -0.00726465 -0.0120841  -0.00216207 -0.00609898 -0.00605667
 -0.00749071 -0.00815616 -0.01177646 -0.00645238 -0.00138371 -0.00624547]
rho_r, axis=1: [0.0041207  0.00497351 0.00316764 0.00356321 0.0039255  0.00332965
 0.00238922 0.00465941 0.00303582 0.00442062 0.00367769 0.00345052
 0.0019709  0.00185943 0.00367448 0.00382149 0.00428634 0.00290207
 0.00373845 0.00386687 0.00429943 0.00347923 0.00208267 0.0028482
 0.00275675 0.00339607 0.00244791 0.00314713 0.00400874 0.00520747
 0.0035436  0.00305906 0.00198099 0.00225765 0.00501807 0.00391437
 0.00411917 0.00240407 0.00290365 0.00351711 0.0044316  0.00406981
 0.00358738 0.00457442 0.0032786  0.00477595 0.00342906 0.00202358
 0.00377944 0.00511129 0.00336271 0.00388341 0.00457131 0.00349665
 0.00311018 0.0020549  0.00334637 0.00393606 0.0034972  0.00390449
 0.0033265  0.00403014 0.00378199 0.00383571 0.00488745 0.00262908
 0.0034437  0.00259687 0.00241603 0.00442188 0.00394228 0.00348838
 0.00283869 0.00500815 0.00191217 0.00388724 0.00344626 0.00371073
 0.00507089 0.00375481 0.00194335 0.00338217 0.00292808 0.0009092
 0.00279723 0.0032641  0.00310314 0.00506746 0.0035494  0.00280245
 0.00345758 0.00460177 0.00229209 0.00428871 0.00461751 0.00374315
 0.00423719 0.00387067 0.00361495 0.00347504 0.00387379 0.00313853
 0.00504674 0.0035072  0.004781   0.00488569 0.00479149 0.00330361
 0.00116743 0.00366495 0.00100571 0.0046634  0.00141834 0.00473715
 0.00418991 0.00193869 0.00430138 0.00320052 0.00400181 0.00244637
 0.00365235 0.00419528 0.00385714 0.0054118  0.00196321 0.00429131
 0.0035549  0.00339739 0.00369095 0.00519971 0.00295333 0.00373569
 0.00294928 0.00310721 0.00362201 0.00270083 0.00472936 0.00455722
 0.00091171 0.00257726 0.00536636 0.00200703 0.00258381 0.00548243
 0.00500155 0.00340094 0.00318729 0.00411113 0.00407427 0.00283044
 0.00217867 0.0017249  0.0028764  0.0037087  0.00258564 0.00485091
 0.00308698 0.00260647 0.00143287 0.00441338 0.00299409 0.00408269
 0.00259593 0.00232043 0.00288739 0.00290551 0.00398979 0.00334892
 0.00240917 0.00405756 0.00261413 0.00195953 0.00340936 0.00405201
 0.00374374 0.00132809 0.00398824 0.0028636  0.00359207 0.00184403
 0.00327243 0.00258631 0.00213443 0.00349108 0.00372424 0.00470277
 0.00395349 0.00481701 0.00340493 0.00258365 0.00478988 0.0029264
 0.00087637 0.00517489 0.00376549 0.00233089 0.00438624 0.00480584
 0.00179944 0.00202134 0.00282702 0.00502834 0.0020071  0.00222485
 0.00181859 0.0027343  0.00282605 0.00475571 0.00225201 0.00426256
 0.00447796 0.00212737 0.00355845 0.00477562 0.00484389 0.00281298
 0.00423125 0.00280828 0.00219044 0.00250664 0.00379999 0.00250363
 0.00407989 0.00343046 0.00304053 0.00447779 0.00341807 0.00377031
 0.00370666 0.00427824 0.0036313  0.00497799 0.00442698 0.00373444
 0.00303799 0.00366886 0.00326806 0.00194084 0.00292918 0.00375758
 0.00369156 0.00360433 0.00185862 0.00450325 0.00133663 0.00433632
 0.00203759 0.00496303 0.00159869 0.00346489 0.00461741 0.00262217
 0.00265395 0.00231769 0.00147904 0.00120233 0.00224523 0.00416251
 0.00223022 0.00171316 0.00394136 0.00335469 0.00485714 0.00379262
 0.00490464 0.00350532 0.00501605 0.00299954 0.00244169 0.00296353
 0.0033759  0.00385062 0.00427064 0.00255984 0.00471231 0.00353021
 0.0048686  0.00468845 0.00504882 0.00500242 0.00226303 0.00339747
 0.00357663 0.0037337  0.00429521 0.00477831 0.00323286 0.00300092
 0.00164076 0.0047381  0.00144544 0.00225041 0.0033228  0.00208152
 0.00320104 0.00361989 0.00460269 0.00208984 0.00422504 0.00390482]
pi_r, axis=1: [0.43660512 0.39217574 0.42267603 0.54641248 0.62006057 0.46106643
 0.49089639 0.62701827 0.42539927 0.39372341 0.57836108 0.58229658
 0.52365396 0.6978886  0.36216434 0.60274982 0.25636502 0.71980503
 0.28400103 0.3241562  0.45233338 0.47667342 0.40792677 0.3546366
 0.61173301 0.33897537 0.55995124 0.38570994 0.49328953 0.30920692
 0.61711709 0.44751824 0.60987605 0.62961854 0.41985835 0.55347184
 0.33205396 0.76508631 0.61085073 0.55855509 0.2607995  0.48992561
 0.48074881 0.61662162 0.60658505 0.52715399 0.50594615 0.55533949
 0.3562111  0.38474875 0.50719165 0.64155419 0.7249203  0.45293
 0.39587282 0.69495708 0.39940129 0.34971239 0.53165642 0.2531145
 0.78793868 0.64579792 0.44642062 0.54255736 0.46346086 0.61206996
 0.5795982  0.61723788 0.69087424 0.58009438 0.65366434 0.4968306
 0.4834525  0.43794739 0.48767349 0.68022233 0.65247341 0.52222738
 0.35549091 0.26672091 0.55019927 0.29306122 0.55098224 0.31889969
 0.50395958 0.53550752 0.61280167 0.37964472 0.43620635 0.33429634
 0.57367716 0.66174913 0.35447619 0.35583548 0.67165385 0.78584466
 0.50804686 0.39633103 0.63717556 0.5619312  0.49309849 0.3954124
 0.40278449 0.58872079 0.52626227 0.49976478 0.44485466 0.24924191
 0.72828209 0.64958567 0.49725773 0.61193045 0.67854419 0.71471416
 0.3804035  0.51122579 0.31982681 0.47420232 0.51437239 0.1516261
 0.41204179 0.29655454 0.74875693 0.2027667  0.32387848 0.42906405
 0.68340556 0.57468627 0.60899024 0.36867404 0.54641342 0.4412843
 0.66650902 0.60174062 0.37851912 0.42680149 0.51067854 0.51167268
 0.51097591 0.56913231 0.21520958 0.374929   0.60349182 0.21348765
 0.37838638 0.4990467  0.48523486 0.36187645 0.48435173 0.34612225
 0.31645191 0.56661877 0.44638397 0.39446296 0.5128868  0.55073211
 0.45565441 0.49427088 0.52564877 0.62015451 0.52882946 0.61591669
 0.78514629 0.55706232 0.54254001 0.61944474 0.40665993 0.58546514
 0.5681789  0.53953578 0.22949669 0.34372117 0.57254632 0.34439287
 0.42054153 0.53366616 0.47510416 0.47619777 0.45192088 0.52857042
 0.42524277 0.51906169 0.52996236 0.6618994  0.52801544 0.60586984
 0.66925832 0.47601583 0.3143138  0.44786996 0.45577557 0.32989384
 0.4540235  0.30515837 0.65269526 0.39182312 0.37243441 0.36034778
 0.32439145 0.57047537 0.48593466 0.43986635 0.54959184 0.4400038
 0.56139907 0.54806947 0.46855049 0.63636085 0.58126776 0.58844874
 0.19838382 0.45428833 0.52086015 0.53666779 0.51222377 0.35486498
 0.52896262 0.53672267 0.46154979 0.5320255  0.46396754 0.35228444
 0.22507682 0.49886702 0.53894097 0.23639721 0.80637938 0.39034495
 0.4650311  0.61443818 0.45658107 0.43052839 0.37493052 0.37619587
 0.48642756 0.48401539 0.76336643 0.73975759 0.71513031 0.30547249
 0.60233852 0.43006093 0.59315753 0.50737014 0.57072018 0.44952289
 0.38637126 0.43492123 0.2355769  0.48581785 0.41573989 0.53103754
 0.60875639 0.53253453 0.40953823 0.67782468 0.60109795 0.53110952
 0.43573679 0.67270129 0.56276245 0.49591873 0.54521332 0.2110498
 0.3596812  0.43386484 0.40723436 0.55542644 0.59890042 0.35288881
 0.5749692  0.43911351 0.4886606  0.61917466 0.62644168 0.5753002
 0.51735465 0.60058229 0.40663992 0.46563393 0.62833037 0.58230467
 0.43162944 0.59858704 0.70792124 0.36194558 0.54237868 0.65233988
 0.36733807 0.48283616 0.37418197 0.47089426 0.55628485 0.64372291
 0.56464975 0.41749492 0.43353334 0.47192397 0.36438374 0.43174059]
psi, axis=1: [1.22077891 1.23162016 0.51299936 0.97806081 2.17749611 2.49004369
 1.99591717 1.40968405 2.24467321 2.08621266 2.11867321 0.78637708
 2.01747439 2.46582201 1.1163107  0.84619272 1.07784411 2.85362734
 1.51907143 2.31163806 2.53375274 2.21328199 1.87317304 0.64897056
 1.96426042 1.67477107 2.60013486 0.60520692 1.45485566 0.40293422
 1.8664435  2.82843611 1.05471667 1.32356763 1.72803148 2.38075052
 0.68019713 0.45620845 0.64548092 1.85638121 2.26086231 1.05296698
 2.68140646 0.7306677  2.69803743 3.7744243  0.85052761 1.5710981
 2.77794616 1.00539127 3.08798345 2.0744266  1.25122843 2.13326048
 1.05358943 2.81857602 1.06125183 0.30751919 2.1165788  1.76829906
 1.75044066 1.35542613 1.02302692 3.12448933 0.94511582 0.49350393
 1.15860286 0.50437362 1.76717333 2.05187254 0.2544191  1.91675952
 1.02777095 2.27047513 2.44038079 2.38416921 2.08567001 1.5861449
 2.79273579 1.434623   2.59954439 1.46844189 3.09230918 0.55650263
 1.63870002 3.7839152  2.31825155 2.96778097 1.18154755 2.43988577
 0.33017242 0.87361214 2.31265566 0.54020822 2.20643225 3.2866923
 2.6773588  0.97872161 0.93684775 1.02364684 1.15557402 1.51951047
 1.04386016 0.76271669 1.45113457 1.96288709 3.3507314  3.35530659
 1.04752935 1.47557923 1.81961997 2.11215725 1.67020876 2.25074086
 0.2916193  2.6138005  1.54483016 1.90285173 1.09273603 1.4922407
 1.87078706 1.00555338 0.68696732 2.98963231 0.8564192  2.12299706
 3.30433316 2.86393876 1.72544479 2.44296415 2.00216365 0.59349327
 2.47687122 0.77420392 1.19156127 2.27458459 1.34375461 3.29884244
 3.08915364 2.39483471 1.90616379 2.24778753 2.27819994 3.48442116
 1.75717971 2.08614695 3.78947218 2.34649473 0.98842145 0.48637621
 3.91810606 0.72150641 1.23339192 1.83768981 1.09665403 0.89408092
 2.20405196 0.68057885 1.06381521 0.45965957 0.75555359 1.13266818
 1.40755826 1.76722606 1.63743311 1.85534723 1.59559222 2.62040923
 2.04976367 1.74127611 1.23969269 2.2335929  1.83788495 0.84846905
 2.73811367 3.22932996 1.06143882 1.00678138 1.34666749 0.87041787
 1.47390236 1.97191159 2.2682001  3.09358546 0.99017679 0.26911055
 2.6435069  1.37209764 1.91900989 0.85966276 0.33761289 1.21281887
 1.15282252 1.91900743 1.07145238 3.14767183 0.69667179 2.05834536
 2.18568919 1.98492166 1.20965898 1.73973899 2.11880078 3.5995337
 2.99681759 1.60293794 2.19191264 0.66742578 0.6313619  1.82780889
 3.11579993 1.23739645 2.35544905 0.57210203 3.66874302 1.52677141
 0.93045263 0.82314621 3.77417083 3.04552146 2.80534853 0.64237371
 2.25239369 0.79287306 0.63112409 1.77854833 1.06641797 0.613613
 1.93776627 2.64705113 2.22053857 2.02893622 1.68345289 1.71503416
 1.64842144 1.47146101 0.66743146 0.34764429 2.1647321  1.69105022
 3.94370803 0.8646172  3.45662833 0.72756766 2.64683434 0.70565376
 1.92711087 0.58553398 1.45503585 2.91288055 2.09243457 1.15083832
 1.63664465 0.72549249 1.28846994 2.41965837 0.97991364 2.88221527
 1.23959524 2.4623654  1.87682629 0.82629412 1.50173618 0.30833441
 2.57064733 1.7591527  1.44854568 1.32456141 1.95148795 3.08340591
 1.13787004 1.50045956 1.26746864 2.12743157 0.56757644 0.99685019
 0.76345351 0.87066557 2.06975342 1.98286981 1.43958532 1.49356344
 2.09903193 2.46381877 2.51079507 2.22452663 0.68855412 0.67635831
 1.34083346 3.71827629 1.18519253 1.52606572 2.242749   1.66226034
 1.20016415 2.39405617 1.49786112 1.76362317 2.59972035 0.51731398]
pi_r, axis=1: [0.43660512 0.39217574 0.42267603 0.54641248 0.62006057 0.46106643
 0.49089639 0.62701827 0.42539927 0.39372341 0.57836108 0.58229658
 0.52365396 0.6978886  0.36216434 0.60274982 0.25636502 0.71980503
 0.28400103 0.3241562  0.45233338 0.47667342 0.40792677 0.3546366
 0.61173301 0.33897537 0.55995124 0.38570994 0.49328953 0.30920692
 0.61711709 0.44751824 0.60987605 0.62961854 0.41985835 0.55347184
 0.33205396 0.76508631 0.61085073 0.55855509 0.2607995  0.48992561
 0.48074881 0.61662162 0.60658505 0.52715399 0.50594615 0.55533949
 0.3562111  0.38474875 0.50719165 0.64155419 0.7249203  0.45293
 0.39587282 0.69495708 0.39940129 0.34971239 0.53165642 0.2531145
 0.78793868 0.64579792 0.44642062 0.54255736 0.46346086 0.61206996
 0.5795982  0.61723788 0.69087424 0.58009438 0.65366434 0.4968306
 0.4834525  0.43794739 0.48767349 0.68022233 0.65247341 0.52222738
 0.35549091 0.26672091 0.55019927 0.29306122 0.55098224 0.31889969
 0.50395958 0.53550752 0.61280167 0.37964472 0.43620635 0.33429634
 0.57367716 0.66174913 0.35447619 0.35583548 0.67165385 0.78584466
 0.50804686 0.39633103 0.63717556 0.5619312  0.49309849 0.3954124
 0.40278449 0.58872079 0.52626227 0.49976478 0.44485466 0.24924191
 0.72828209 0.64958567 0.49725773 0.61193045 0.67854419 0.71471416
 0.3804035  0.51122579 0.31982681 0.47420232 0.51437239 0.1516261
 0.41204179 0.29655454 0.74875693 0.2027667  0.32387848 0.42906405
 0.68340556 0.57468627 0.60899024 0.36867404 0.54641342 0.4412843
 0.66650902 0.60174062 0.37851912 0.42680149 0.51067854 0.51167268
 0.51097591 0.56913231 0.21520958 0.374929   0.60349182 0.21348765
 0.37838638 0.4990467  0.48523486 0.36187645 0.48435173 0.34612225
 0.31645191 0.56661877 0.44638397 0.39446296 0.5128868  0.55073211
 0.45565441 0.49427088 0.52564877 0.62015451 0.52882946 0.61591669
 0.78514629 0.55706232 0.54254001 0.61944474 0.40665993 0.58546514
 0.5681789  0.53953578 0.22949669 0.34372117 0.57254632 0.34439287
 0.42054153 0.53366616 0.47510416 0.47619777 0.45192088 0.52857042
 0.42524277 0.51906169 0.52996236 0.6618994  0.52801544 0.60586984
 0.66925832 0.47601583 0.3143138  0.44786996 0.45577557 0.32989384
 0.4540235  0.30515837 0.65269526 0.39182312 0.37243441 0.36034778
 0.32439145 0.57047537 0.48593466 0.43986635 0.54959184 0.4400038
 0.56139907 0.54806947 0.46855049 0.63636085 0.58126776 0.58844874
 0.19838382 0.45428833 0.52086015 0.53666779 0.51222377 0.35486498
 0.52896262 0.53672267 0.46154979 0.5320255  0.46396754 0.35228444
 0.22507682 0.49886702 0.53894097 0.23639721 0.80637938 0.39034495
 0.4650311  0.61443818 0.45658107 0.43052839 0.37493052 0.37619587
 0.48642756 0.48401539 0.76336643 0.73975759 0.71513031 0.30547249
 0.60233852 0.43006093 0.59315753 0.50737014 0.57072018 0.44952289
 0.38637126 0.43492123 0.2355769  0.48581785 0.41573989 0.53103754
 0.60875639 0.53253453 0.40953823 0.67782468 0.60109795 0.53110952
 0.43573679 0.67270129 0.56276245 0.49591873 0.54521332 0.2110498
 0.3596812  0.43386484 0.40723436 0.55542644 0.59890042 0.35288881
 0.5749692  0.43911351 0.4886606  0.61917466 0.62644168 0.5753002
 0.51735465 0.60058229 0.40663992 0.46563393 0.62833037 0.58230467
 0.43162944 0.59858704 0.70792124 0.36194558 0.54237868 0.65233988
 0.36733807 0.48283616 0.37418197 0.47089426 0.55628485 0.64372291
 0.56464975 0.41749492 0.43353334 0.47192397 0.36438374 0.43174059]
y_hat: 4853.791744731018
y_hat, axis=1: [[  397.98005909  9253.69309907   155.89338478 ...  9252.93225843
    155.89338192  8611.57750232]
 [  418.23810723 11153.52882272 12421.51008236 ... 11152.30388134
  12417.94094931  7934.27912084]
 [   66.6805264     23.9263822  12975.5853163  ...    23.92638222
  12971.89225281  7695.31271992]
 ...
 [  429.5713612     39.92314013   148.22574533 ...    39.92314014
    148.22574319   228.59768284]
 [   34.32228188  9971.35811781 12996.81969303 ...  9970.38199562
  12993.12463027  7567.26489725]
 [  439.9686866     73.02639826 12875.68029032 ...    73.02639878
  12872.02207779  7537.42997225]]